-0.247961 -0.020514 0.800106
-0.239962 0.011486 0.800106
-0.108961 -0.030514 0.702106
-0.057962 0.029486 0.702106
-0.011961 -0.188514 0.569106
-0.029963 -0.120514 0.569106
-0.074961 -0.048514 0.569106
-0.087961 -0.014514 0.570106
-0.103962 0.053486 0.570106
-0.104961 0.119486 0.570106
-0.109962 0.185486 0.570106
-0.080961 0.248486 0.570106
0.009039 -0.175514 0.440106
-0.078962 -0.098514 0.441106
-0.114962 -0.028514 0.442106
-0.122961 0.038486 0.442106
-0.138962 0.072486 0.442106
-0.084961 0.132486 0.441106
-0.134962 0.203486 0.442106
0.152039 0.240486 0.438106
0.117039 -0.238514 0.291106
0.016039 -0.158514 0.293106
-0.079962 -0.081514 0.296106
-0.101961 -0.012514 0.296106
-0.081963 0.051486 0.296106
-0.052961 0.113486 0.296106
-0.027962 0.143486 0.295106
-0.211962 0.229486 0.299106
0.093039 -0.286514 0.184106
0.109039 -0.222514 0.183106
-0.025961 -0.139514 0.187106
-0.053961 -0.069514 0.188106
-0.085962 -0.000514 0.189106
-0.056961 0.062486 0.188106
-0.049961 0.127486 0.188106
-0.111961 0.167486 0.190106
-0.162962 0.238486 0.192106
0.018038 -0.224514 0.061106
-0.052961 -0.181514 0.063106
-0.076962 -0.112514 0.064106
-0.112961 -0.042514 0.066106
-0.114962 0.023486 0.066106
-0.103962 0.088486 0.066106
-0.183962 0.162486 0.069106
-0.248962 0.235486 0.071106
0.027039 -0.270514 -0.076894
-0.049961 -0.194514 -0.073894
-0.057962 -0.160514 -0.073894
-0.075962 -0.092514 -0.072894
-0.083961 -0.025514 -0.071894
-0.102962 0.042486 -0.070894
-0.293962 0.129486 -0.062894
-0.258961 0.190486 -0.063894
0.378038 0.190486 -0.088894
-0.084961 -0.256514 -0.196894
-0.104961 -0.187514 -0.195894
-0.115961 -0.153514 -0.194894
-0.078962 -0.091514 -0.196894
-0.026962 -0.031514 -0.197894
-0.077961 0.040486 -0.195894
-0.067961 0.105486 -0.195894
0.030039 0.160486 -0.199894
-0.188961 -0.168514 -0.310894
-0.171961 -0.104514 -0.311894
-0.204962 -0.068514 -0.309894
-0.068962 0.047486 -0.315894
-0.053961 0.112486 -0.315894
0.253038 0.145486 -0.331894
-0.198961 -0.210514 -0.442894
0.041039 -0.174514 -0.455894
-0.063961 -0.094514 -0.449894
0.012039 0.061486 -0.452894
0.309038 0.095486 -0.469894
-0.222961 -0.197514 -0.551894
0.017038 -0.160514 -0.566894
0.122038 0.126486 -0.570894
0.421038 0.161486 -0.588894
-0.310961 -0.228514 -0.690894
-0.280962 -0.166514 -0.691894
0.393038 0.119486 -0.735894
-0.369961 -0.278514 -0.788894
-0.104961 -0.247514 -0.807894
0.257038 0.076486 -0.830894
0.190039 0.150486 -0.825894
-0.340961 -0.264514 -0.925894
